<?xml version="1.0" standalone="no"?>
<!DOCTYPE svg PUBLIC "-//W3C//DTD SVG 20010904//EN"
 "http://www.w3.org/TR/2001/REC-SVG-20010904/DTD/svg10.dtd">
<svg version="1.0" xmlns="http://www.w3.org/2000/svg"
 width="215.000000pt" height="178.000000pt" viewBox="0 0 215.000000 178.000000"
 preserveAspectRatio="xMidYMid meet">
<metadata>
Created by potrace 1.10, written by Peter Selinger 2001-2011
</metadata>
<g transform="translate(0.000000,178.000000) scale(0.050000,-0.050000)"
fill="#ffffff" stroke="none">
<path d="M990 3061 c-123 -31 -213 -82 -300 -169 -151 -155 -151 -151 -145
-1333 l5 -1029 260 0 260 0 10 1040 10 1040 180 6 c99 3 200 1 225 -5 l45 -12
0 -1039 0 -1040 260 0 260 0 0 1063 c0 1252 1 1249 -244 1403 -132 83 -618
127 -826 75z"/>
<path d="M2670 3021 c-104 -25 -201 -80 -287 -163 -147 -141 -144 -119 -144
-1103 0 -954 2 -968 117 -1088 23 -23 35 -50 28 -58 -8 -9 -3 -9 10 -2 13 8
29 4 37 -9 79 -127 797 -175 1010 -68 266 135 299 221 299 779 l0 451 -65 2
c-57 1 -396 1 -620 -1 l-75 -1 0 -220 0 -220 58 0 c31 0 85 -6 120 -12 l62
-13 0 -165 c0 -120 -8 -172 -29 -189 -35 -29 -367 -25 -406 5 -42 32 -36 1606
7 1622 41 16 355 16 396 0 26 -10 32 -48 32 -208 0 -230 -14 -219 273 -220
263 0 247 -17 247 263 0 313 -26 374 -225 524 -133 100 -603 153 -845 94z"/>
</g>
</svg>
